1 -0.446741 0.073286 0.477375
2 -0.446741 10.0733 0.477375
3 -0.446741 0.073286 0.077375
4 -0.446741 10.0733 0.077375
5 -0.046741 0.073286 0.477375
6 -0.046741 10.0733 0.477375
7 -0.046741 0.073286 0.077375
8 -0.046741 10.0733 0.077375
9 -0.486225 0.063526 6.45653
10 -0.486225 9.78352 6.45653
11 -0.486225 0.063526 6.05653
12 -0.486225 9.78352 6.05653
13 -0.086225 0.063526 6.45653
14 -0.086225 9.78352 6.45653
15 -0.086225 0.063526 6.05653
16 -0.086225 9.78352 6.05653
17 -0.500796 9.67839 0.036414
18 -0.500796 9.67839 6.47642
19 -0.500796 10.0784 0.036414
20 -0.500796 10.0784 6.47642
21 -0.020796 9.67839 0.036414
22 -0.020796 9.67839 6.47642
23 -0.020796 10.0784 0.036414
24 -0.020796 10.0784 6.47642
25 -0.39587 0.105406 6.07232
26 -0.39587 9.7054 6.07232
27 -0.39587 0.105406 0.492322
28 -0.39587 9.7054 0.492322
29 -0.09587 0.105406 6.07232
30 -0.09587 9.7054 6.07232
31 -0.09587 0.105406 0.492322
32 -0.09587 9.7054 0.492322
33 -0.830032 4.79691 5.72633
34 -0.830032 4.74635 5.55966
35 -0.830032 4.66358 5.47689
36 -0.830032 4.55544 5.4321
37 -0.830032 4.49691 5.42633
38 -0.830032 4.43838 5.4321
39 -0.830032 4.33024 5.47689
40 -0.830032 4.19691 5.72633
41 -0.818614 4.79115 5.66893
42 -0.807634 4.77407 5.61374
43 -0.797516 4.74635 5.56287
44 -0.788647 4.70904 5.51828
45 -0.781368 4.66358 5.48169
46 -0.77596 4.61171 5.45449
47 -0.772629 4.55544 5.43775
48 -0.771505 4.49691 5.4321
49 -0.772629 4.43838 5.43775
50 -0.77596 4.3821 5.45449
51 -0.781368 4.33024 5.48169
52 -0.788647 4.28478 5.51828
53 -0.797516 4.24747 5.56287
54 -0.807634 4.21974 5.61374
55 -0.818614 4.20267 5.66893
56 -0.807634 4.79115 5.67226
57 -0.786098 4.77407 5.62027
58 -0.766249 4.74635 5.57235
59 -0.748852 4.70904 5.53035
60 -0.734575 4.66358 5.49588
61 -0.723966 4.61171 5.47027
62 -0.717433 4.55544 5.45449
63 -0.715227 4.49691 5.44917
64 -0.717433 4.43838 5.45449
65 -0.723966 4.3821 5.47027
66 -0.734575 4.33024 5.49588
67 -0.748852 4.28478 5.53035
68 -0.766249 4.24747 5.57235
69 -0.786098 4.21974 5.62027
70 -0.807634 4.20267 5.67226
71 -0.797516 4.79115 5.67767
72 -0.766249 4.77407 5.63088
73 -0.737434 4.74635 5.58775
74 -0.712178 4.70904 5.54995
75 -0.69145 4.66358 5.51893
76 -0.676048 4.61171 5.49588
77 -0.666563 4.55544 5.48169
78 -0.663361 4.49691 5.47689
79 -0.666563 4.43838 5.48169
80 -0.676048 4.3821 5.49588
81 -0.69145 4.33024 5.51893
82 -0.712178 4.28478 5.54995
83 -0.737434 4.24747 5.58775
84 -0.766249 4.21974 5.63088
85 -0.797516 4.20267 5.67767
86 -0.788647 4.79115 5.68495
87 -0.748852 4.77407 5.64515
88 -0.712178 4.74635 5.60848
89 -0.680032 4.70904 5.57633
90 -0.65365 4.66358 5.54995
91 -0.634047 4.61171 5.53035
92 -0.621976 4.55544 5.51828
93 -0.6179 4.49691 5.5142
94 -0.621976 4.43838 5.51828
95 -0.634047 4.3821 5.53035
96 -0.65365 4.33024 5.54995
97 -0.680032 4.28478 5.57633
98 -0.712178 4.24747 5.60848
99 -0.748852 4.21974 5.64515
100 -0.788647 4.20267 5.68495
101 -0.781368 4.79115 5.69382
102 -0.734575 4.77407 5.66255
103 -0.69145 4.74635 5.63374
104 -0.65365 4.70904 5.60848
105 -0.622629 4.66358 5.58775
106 -0.599578 4.61171 5.57235
107 -0.585384 4.55544 5.56287
108 -0.580591 4.49691 5.55966
109 -0.585384 4.43838 5.56287
110 -0.599578 4.3821 5.57235
111 -0.622629 4.33024 5.58775
112 -0.65365 4.28478 5.60848
113 -0.69145 4.24747 5.63374
114 -0.734575 4.21974 5.66255
115 -0.781368 4.20267 5.69382
116 -0.77596 4.79115 5.70394
117 -0.723966 4.77407 5.6824
118 -0.676048 4.74635 5.66255
119 -0.634047 4.70904 5.64515
120 -0.599578 4.66358 5.63088
121 -0.573966 4.61171 5.62027
122 -0.558194 4.55544 5.61374
123 -0.552868 4.49691 5.61153
124 -0.558194 4.43838 5.61374
125 -0.573966 4.3821 5.62027
126 -0.599578 4.33024 5.63088
127 -0.634047 4.28478 5.64515
128 -0.676048 4.24747 5.66255
129 -0.723966 4.21974 5.6824
130 -0.77596 4.20267 5.70394
131 -0.772629 4.79115 5.71492
132 -0.717433 4.77407 5.70394
133 -0.666563 4.74635 5.69382
134 -0.621976 4.70904 5.68495
135 -0.585384 4.66358 5.67767
136 -0.558194 4.61171 5.67226
137 -0.54145 4.55544 5.66893
138 -0.535796 4.49691 5.66781
139 -0.54145 4.43838 5.66893
140 -0.558194 4.3821 5.67226
141 -0.585384 4.33024 5.67767
142 -0.621976 4.28478 5.68495
143 -0.666563 4.24747 5.69382
144 -0.717433 4.21974 5.70394
145 -0.772629 4.20267 5.71492
146 -0.771505 4.79115 5.72633
147 -0.715227 4.77407 5.72633
148 -0.663361 4.74635 5.72633
149 -0.6179 4.70904 5.72633
150 -0.580591 4.66358 5.72633
151 -0.552868 4.61171 5.72633
152 -0.535796 4.55544 5.72633
153 -0.530032 4.49691 5.72633
154 -0.535796 4.43838 5.72633
155 -0.552868 4.3821 5.72633
156 -0.580591 4.33024 5.72633
157 -0.6179 4.28478 5.72633
158 -0.663361 4.24747 5.72633
159 -0.715227 4.21974 5.72633
160 -0.771505 4.20267 5.72633
161 -0.772629 4.79115 5.73775
162 -0.717433 4.77407 5.74873
163 -0.666563 4.74635 5.75885
164 -0.621976 4.70904 5.76772
165 -0.585384 4.66358 5.775
166 -0.558194 4.61171 5.78041
167 -0.54145 4.55544 5.78374
168 -0.535796 4.49691 5.78486
169 -0.54145 4.43838 5.78374
170 -0.558194 4.3821 5.78041
171 -0.585384 4.33024 5.775
172 -0.621976 4.28478 5.76772
173 -0.666563 4.24747 5.75885
174 -0.717433 4.21974 5.74873
175 -0.772629 4.20267 5.73775
176 -0.77596 4.79115 5.74873
177 -0.723966 4.77407 5.77027
178 -0.676048 4.74635 5.79012
179 -0.634047 4.70904 5.80751
180 -0.599578 4.66358 5.82179
181 -0.573966 4.61171 5.8324
182 -0.558194 4.55544 5.83893
183 -0.552868 4.49691 5.84114
184 -0.558194 4.43838 5.83893
185 -0.573966 4.3821 5.8324
186 -0.599578 4.33024 5.82179
187 -0.634047 4.28478 5.80751
188 -0.676048 4.24747 5.79012
189 -0.723966 4.21974 5.77027
190 -0.77596 4.20267 5.74873
191 -0.781368 4.79115 5.75885
192 -0.734575 4.77407 5.79012
193 -0.69145 4.74635 5.81893
194 -0.65365 4.70904 5.84419
195 -0.622629 4.66358 5.86491
196 -0.599578 4.61171 5.88032
197 -0.585384 4.55544 5.8898
198 -0.580591 4.49691 5.893
199 -0.585384 4.43838 5.8898
200 -0.599578 4.3821 5.88032
201 -0.622629 4.33024 5.86491
202 -0.65365 4.28478 5.84419
203 -0.69145 4.24747 5.81893
204 -0.734575 4.21974 5.79012
205 -0.781368 4.20267 5.75885
206 -0.788647 4.79115 5.76772
207 -0.748852 4.77407 5.80751
208 -0.712178 4.74635 5.84419
209 -0.680032 4.70904 5.87633
210 -0.653651 4.66358 5.90271
211 -0.634047 4.61171 5.92232
212 -0.621976 4.55544 5.93439
213 -0.6179 4.49691 5.93847
214 -0.621976 4.43838 5.93439
215 -0.634047 4.3821 5.92232
216 -0.653651 4.33024 5.90271
217 -0.680032 4.28478 5.87633
218 -0.712178 4.24747 5.84419
219 -0.748852 4.21974 5.80751
220 -0.788647 4.20267 5.76772
221 -0.797516 4.79115 5.775
222 -0.76625 4.77407 5.82179
223 -0.737434 4.74635 5.86491
224 -0.712178 4.70904 5.90271
225 -0.69145 4.66358 5.93374
226 -0.676048 4.61171 5.95679
227 -0.666563 4.55544 5.97098
228 -0.663361 4.49691 5.97577
229 -0.666563 4.43838 5.97098
230 -0.676048 4.3821 5.95679
231 -0.69145 4.33024 5.93374
232 -0.712178 4.28478 5.90271
233 -0.737434 4.24747 5.86491
234 -0.76625 4.21974 5.82179
235 -0.797516 4.20267 5.775
236 -0.807634 4.79115 5.78041
237 -0.786098 4.77407 5.8324
238 -0.76625 4.74635 5.88032
239 -0.748852 4.70904 5.92232
240 -0.734575 4.66358 5.95679
241 -0.723966 4.61171 5.9824
242 -0.717433 4.55544 5.99817
243 -0.715227 4.49691 6.0035
244 -0.717433 4.43838 5.99817
245 -0.723966 4.3821 5.9824
246 -0.734575 4.33024 5.95679
247 -0.748852 4.28478 5.92232
248 -0.76625 4.24747 5.88032
249 -0.786098 4.21974 5.8324
250 -0.807634 4.20267 5.78041
251 -0.818614 4.79115 5.78374
252 -0.807634 4.77407 5.83893
253 -0.797516 4.74635 5.8898
254 -0.788647 4.70904 5.93439
255 -0.781368 4.66358 5.97098
256 -0.77596 4.61171 5.99817
257 -0.772629 4.55544 6.01492
258 -0.771505 4.49691 6.02057
259 -0.772629 4.43838 6.01492
260 -0.77596 4.3821 5.99817
261 -0.781368 4.33024 5.97098
262 -0.788647 4.28478 5.93439
263 -0.797516 4.24747 5.8898
264 -0.807634 4.21974 5.83893
265 -0.818614 4.20267 5.78374
266 -0.830032 4.79115 5.78486
267 -0.830032 4.77407 5.84114
268 -0.830032 4.74635 5.893
269 -0.830032 4.70904 5.93847
270 -0.830032 4.66358 5.97577
271 -0.830032 4.61171 6.0035
272 -0.830032 4.55544 6.02057
273 -0.830032 4.49691 6.02633
274 -0.830032 4.43838 6.02057
275 -0.830032 4.3821 6.0035
276 -0.830032 4.33024 5.97577
277 -0.830032 4.28478 5.93847
278 -0.830032 4.24747 5.893
279 -0.830032 4.21974 5.84114
280 -0.830032 4.20267 5.78486
281 -0.84145 4.79115 5.78374
282 -0.852429 4.77407 5.83893
283 -0.862548 4.74635 5.8898
284 -0.871417 4.70904 5.93439
285 -0.878695 4.66358 5.97098
286 -0.884104 4.61171 5.99817
287 -0.887434 4.55544 6.01492
288 -0.888559 4.49691 6.02057
289 -0.887434 4.43838 6.01492
290 -0.884104 4.3821 5.99817
291 -0.878695 4.33024 5.97098
292 -0.871417 4.28478 5.93439
293 -0.862548 4.24747 5.8898
294 -0.852429 4.21974 5.83893
295 -0.84145 4.20267 5.78374
296 -0.852429 4.79115 5.78041
297 -0.873966 4.77407 5.8324
298 -0.893814 4.74635 5.88032
299 -0.911211 4.70904 5.92232
300 -0.925489 4.66358 5.95679
301 -0.936098 4.61171 5.9824
302 -0.942631 4.55544 5.99817
303 -0.944837 4.49691 6.0035
304 -0.942631 4.43838 5.99817
305 -0.936098 4.3821 5.9824
306 -0.925489 4.33024 5.95679
307 -0.911211 4.28478 5.92232
308 -0.893814 4.24747 5.88032
309 -0.873966 4.21974 5.8324
310 -0.852429 4.20267 5.78041
311 -0.862548 4.79115 5.775
312 -0.893814 4.77407 5.82179
313 -0.922629 4.74635 5.86491
314 -0.947886 4.70904 5.90271
315 -0.968614 4.66358 5.93374
316 -0.984016 4.61171 5.95679
317 -0.9935 4.55544 5.97098
318 -0.996703 4.49691 5.97577
319 -0.9935 4.43838 5.97098
320 -0.984016 4.3821 5.95679
321 -0.968614 4.33024 5.93374
322 -0.947886 4.28478 5.90271
323 -0.922629 4.24747 5.86491
324 -0.893814 4.21974 5.82179
325 -0.862548 4.20267 5.775
326 -0.871417 4.79115 5.76772
327 -0.911211 4.77407 5.80751
328 -0.947886 4.74635 5.84419
329 -0.980032 4.70904 5.87633
330 -1.00641 4.66358 5.90271
331 -1.02602 4.61171 5.92232
332 -1.03809 4.55544 5.93439
333 -1.04216 4.49691 5.93847
334 -1.03809 4.43838 5.93439
335 -1.02602 4.3821 5.92232
336 -1.00641 4.33024 5.90271
337 -0.980032 4.28478 5.87633
338 -0.947886 4.24747 5.84419
339 -0.911211 4.21974 5.80751
340 -0.871417 4.20267 5.76772
341 -0.878695 4.79115 5.75885
342 -0.925489 4.77407 5.79012
343 -0.968614 4.74635 5.81893
344 -1.00641 4.70904 5.84419
345 -1.03743 4.66358 5.86491
346 -1.06048 4.61171 5.88032
347 -1.07468 4.55544 5.8898
348 -1.07947 4.49691 5.893
349 -1.07468 4.43838 5.8898
350 -1.06048 4.3821 5.88032
351 -1.03743 4.33024 5.86491
352 -1.00641 4.28478 5.84419
353 -0.968614 4.24747 5.81893
354 -0.925489 4.21974 5.79012
355 -0.878695 4.20267 5.75885
356 -0.884104 4.79115 5.74873
357 -0.936098 4.77407 5.77027
358 -0.984016 4.74635 5.79012
359 -1.02602 4.70904 5.80751
360 -1.06048 4.66358 5.82179
361 -1.0861 4.61171 5.8324
362 -1.10187 4.55544 5.83893
363 -1.10719 4.49691 5.84114
364 -1.10187 4.43838 5.83893
365 -1.0861 4.3821 5.8324
366 -1.06048 4.33024 5.82179
367 -1.02602 4.28478 5.80751
368 -0.984016 4.24747 5.79012
369 -0.936098 4.21974 5.77027
370 -0.884104 4.20267 5.74873
371 -0.887434 4.79115 5.73775
372 -0.942631 4.77407 5.74873
373 -0.9935 4.74635 5.75885
374 -1.03809 4.70904 5.76772
375 -1.07468 4.66358 5.775
376 -1.10187 4.61171 5.78041
377 -1.11861 4.55544 5.78374
378 -1.12427 4.49691 5.78486
379 -1.11861 4.43838 5.78374
380 -1.10187 4.3821 5.78041
381 -1.07468 4.33024 5.775
382 -1.03809 4.28478 5.76772
383 -0.9935 4.24747 5.75885
384 -0.942631 4.21974 5.74873
385 -0.887434 4.20267 5.73775
386 -0.888559 4.79115 5.72633
387 -0.944837 4.77407 5.72633
388 -0.996703 4.74635 5.72633
389 -1.04216 4.70904 5.72633
390 -1.07947 4.66358 5.72633
391 -1.10719 4.61171 5.72633
392 -1.12427 4.55544 5.72633
393 -1.13003 4.49691 5.72633
394 -1.12427 4.43838 5.72633
395 -1.10719 4.3821 5.72633
396 -1.07947 4.33024 5.72633
397 -1.04216 4.28478 5.72633
398 -0.996703 4.24747 5.72633
399 -0.944837 4.21974 5.72633
400 -0.888559 4.20267 5.72633
401 -0.887434 4.79115 5.71492
402 -0.942631 4.77407 5.70394
403 -0.9935 4.74635 5.69382
404 -1.03809 4.70904 5.68495
405 -1.07468 4.66358 5.67767
406 -1.10187 4.61171 5.67226
407 -1.11861 4.55544 5.66893
408 -1.12427 4.49691 5.66781
409 -1.11861 4.43838 5.66893
410 -1.10187 4.3821 5.67226
411 -1.07468 4.33024 5.67767
412 -1.03809 4.28478 5.68495
413 -0.9935 4.24747 5.69382
414 -0.942631 4.21974 5.70394
415 -0.887434 4.20267 5.71492
416 -0.884104 4.79115 5.70394
417 -0.936098 4.77407 5.6824
418 -0.984016 4.74635 5.66255
419 -1.02602 4.70904 5.64515
420 -1.06048 4.66358 5.63088
421 -1.0861 4.61171 5.62027
422 -1.10187 4.55544 5.61374
423 -1.10719 4.49691 5.61153
424 -1.10187 4.43838 5.61374
425 -1.0861 4.3821 5.62027
426 -1.06048 4.33024 5.63088
427 -1.02602 4.28478 5.64515
428 -0.984016 4.24747 5.66255
429 -0.936098 4.21974 5.6824
430 -0.884104 4.20267 5.70394
431 -0.878695 4.79115 5.69382
432 -0.925489 4.77407 5.66255
433 -0.968614 4.74635 5.63374
434 -1.00641 4.70904 5.60848
435 -1.03743 4.66358 5.58775
436 -1.06048 4.61171 5.57235
437 -1.07468 4.55544 5.56287
438 -1.07947 4.49691 5.55966
439 -1.07468 4.43838 5.56287
440 -1.06048 4.3821 5.57235
441 -1.03743 4.33024 5.58775
442 -1.00641 4.28478 5.60848
443 -0.968614 4.24747 5.63374
444 -0.925489 4.21974 5.66255
445 -0.878695 4.20267 5.69382
446 -0.871417 4.79115 5.68495
447 -0.911211 4.77407 5.64515
448 -0.947886 4.74635 5.60848
449 -0.980032 4.70904 5.57633
450 -1.00641 4.66358 5.54995
451 -1.02602 4.61171 5.53035
452 -1.03809 4.55544 5.51828
453 -1.04216 4.49691 5.5142
454 -1.03809 4.43838 5.51828
455 -1.02602 4.3821 5.53035
456 -1.00641 4.33024 5.54995
457 -0.980032 4.28478 5.57633
458 -0.947886 4.24747 5.60848
459 -0.911211 4.21974 5.64515
460 -0.871417 4.20267 5.68495
461 -0.862548 4.79115 5.67767
462 -0.893814 4.77407 5.63088
463 -0.922629 4.74635 5.58775
464 -0.947886 4.70904 5.54995
465 -0.968614 4.66358 5.51893
466 -0.984016 4.61171 5.49588
467 -0.9935 4.55544 5.48169
468 -0.996703 4.49691 5.47689
469 -0.9935 4.43838 5.48169
470 -0.984016 4.3821 5.49588
471 -0.968614 4.33024 5.51893
472 -0.947886 4.28478 5.54995
473 -0.922629 4.24747 5.58775
474 -0.893814 4.21974 5.63088
475 -0.862548 4.20267 5.67767
476 -0.852429 4.79115 5.67226
477 -0.873966 4.77407 5.62027
478 -0.893814 4.74635 5.57235
479 -0.911211 4.70904 5.53035
480 -0.925489 4.66358 5.49588
481 -0.936098 4.61171 5.47027
482 -0.942631 4.55544 5.45449
483 -0.944836 4.49691 5.44917
484 -0.942631 4.43838 5.45449
485 -0.936098 4.3821 5.47027
486 -0.925489 4.33024 5.49588
487 -0.911211 4.28478 5.53035
488 -0.893814 4.24747 5.57235
489 -0.873966 4.21974 5.62027
490 -0.852429 4.20267 5.67226
491 -0.84145 4.79115 5.66893
492 -0.852429 4.77407 5.61374
493 -0.862548 4.74635 5.56287
494 -0.871417 4.70904 5.51828
495 -0.878695 4.66358 5.48169
496 -0.884104 4.61171 5.45449
497 -0.887434 4.55544 5.43775
498 -0.888559 4.49691 5.4321
499 -0.887434 4.43838 5.43775
500 -0.884104 4.3821 5.45449
501 -0.878695 4.33024 5.48169
502 -0.871417 4.28478 5.51828
503 -0.862548 4.24747 5.56287
504 -0.852429 4.21974 5.61374
505 -0.84145 4.20267 5.66893
506 -0.830032 4.79115 5.66781
507 -0.830032 4.77407 5.61153
508 -0.830032 4.70904 5.5142
509 -0.830032 4.61171 5.44917
510 -0.830032 4.3821 5.44917
511 -0.830032 4.28478 5.5142
512 -0.830032 4.24747 5.55966
513 -0.830032 4.21974 5.61153
514 -0.830032 4.20267 5.66781
515 -0.735028 4.49661 5.52051
516 -0.435028 4.49661 5.52051
517 -0.735028 4.45759 5.52436
518 -0.435028 4.45759 5.52436
519 -0.735028 4.42007 5.53574
520 -0.435028 4.42007 5.53574
521 -0.735028 4.3855 5.55422
522 -0.435028 4.3855 5.55422
523 -0.735028 4.35519 5.57909
524 -0.435028 4.35519 5.57909
525 -0.735028 4.33032 5.6094
526 -0.435028 4.33032 5.6094
527 -0.735028 4.31184 5.64398
528 -0.435028 4.31184 5.64398
529 -0.735028 4.30046 5.68149
530 -0.435028 4.30046 5.68149
531 -0.735028 4.29661 5.72051
532 -0.435028 4.29661 5.72051
533 -0.735028 4.30046 5.75953
534 -0.435028 4.30046 5.75953
535 -0.735028 4.31184 5.79705
536 -0.435028 4.31184 5.79705
537 -0.735028 4.33032 5.83163
538 -0.435028 4.33032 5.83163
539 -0.735028 4.35519 5.86193
540 -0.435028 4.35519 5.86193
541 -0.735028 4.3855 5.88681
542 -0.435028 4.3855 5.88681
543 -0.735028 4.42007 5.90529
544 -0.435028 4.42007 5.90529
545 -0.735028 4.45759 5.91667
546 -0.435028 4.45759 5.91667
547 -0.735028 4.49661 5.92051
548 -0.435028 4.49661 5.92051
549 -0.735028 4.53563 5.91667
550 -0.435028 4.53563 5.91667
551 -0.735028 4.57315 5.90529
552 -0.435028 4.57315 5.90529
553 -0.735028 4.60773 5.88681
554 -0.435028 4.60773 5.88681
555 -0.735028 4.63803 5.86193
556 -0.435028 4.63803 5.86193
557 -0.735028 4.66291 5.83163
558 -0.435028 4.66291 5.83163
559 -0.735028 4.68139 5.79705
560 -0.435028 4.68139 5.79705
561 -0.735028 4.69277 5.75953
562 -0.435028 4.69277 5.75953
563 -0.735028 4.69661 5.72051
564 -0.435028 4.69661 5.72051
565 -0.735028 4.69277 5.68149
566 -0.435028 4.69277 5.68149
567 -0.735028 4.68139 5.64398
568 -0.435028 4.68139 5.64398
569 -0.735028 4.66291 5.6094
570 -0.435028 4.66291 5.6094
571 -0.735028 4.63803 5.57909
572 -0.435028 4.63803 5.57909
573 -0.735028 4.60773 5.55422
574 -0.435028 4.60773 5.55422
575 -0.735028 4.57315 5.53574
576 -0.435028 4.57315 5.53574
577 -0.735028 4.53563 5.52436
578 -0.435028 4.53563 5.52436
579 0 0 0
580 0 0 0
581 0 0 0
Faces:
1 2 4 3.
3 4 8 7.
7 8 6 5.
5 6 2 1.
3 7 5 1.
8 4 2 6.
9 10 12 11.
11 12 16 15.
15 16 14 13.
13 14 10 9.
11 15 13 9.
16 12 10 14.
17 18 20 19.
19 20 24 23.
23 24 22 21.
21 22 18 17.
19 23 21 17.
24 20 18 22.
25 26 28 27.
27 28 32 31.
31 32 30 29.
29 30 26 25.
27 31 29 25.
32 28 26 30.
38 37 48 49.
507 506 41 42.
510 38 49 50.
34 507 42 43.
39 510 50 51.
508 34 43 44.
511 39 51 52.
35 508 44 45.
512 511 52 53.
509 35 45 46.
513 512 53 54.
36 509 46 47.
514 513 54 55.
37 36 47 48.
506 33 41.
40 514 55.
48 47 62 63.
41 33 56.
40 55 70.
49 48 63 64.
42 41 56 57.
50 49 64 65.
43 42 57 58.
51 50 65 66.
44 43 58 59.
52 51 66 67.
45 44 59 60.
53 52 67 68.
46 45 60 61.
54 53 68 69.
47 46 61 62.
55 54 69 70.
67 66 81 82.
60 59 74 75.
68 67 82 83.
61 60 75 76.
69 68 83 84.
62 61 76 77.
70 69 84 85.
63 62 77 78.
56 33 71.
40 70 85.
64 63 78 79.
57 56 71 72.
65 64 79 80.
58 57 72 73.
66 65 80 81.
59 58 73 74.
71 33 86.
40 85 100.
79 78 93 94.
72 71 86 87.
80 79 94 95.
73 72 87 88.
81 80 95 96.
74 73 88 89.
82 81 96 97.
75 74 89 90.
83 82 97 98.
76 75 90 91.
84 83 98 99.
77 76 91 92.
85 84 99 100.
78 77 92 93.
90 89 104 105.
98 97 112 113.
91 90 105 106.
99 98 113 114.
92 91 106 107.
100 99 114 115.
93 92 107 108.
86 33 101.
40 100 115.
94 93 108 109.
87 86 101 102.
95 94 109 110.
88 87 102 103.
96 95 110 111.
89 88 103 104.
97 96 111 112.
109 108 123 124.
102 101 116 117.
110 109 124 125.
103 102 117 118.
111 110 125 126.
104 103 118 119.
112 111 126 127.
105 104 119 120.
113 112 127 128.
106 105 120 121.
114 113 128 129.
107 106 121 122.
115 114 129 130.
108 107 122 123.
101 33 116.
40 115 130.
128 127 142 143.
121 120 135 136.
129 128 143 144.
122 121 136 137.
130 129 144 145.
123 122 137 138.
116 33 131.
40 130 145.
124 123 138 139.
117 116 131 132.
125 124 139 140.
118 117 132 133.
126 125 140 141.
119 118 133 134.
127 126 141 142.
120 119 134 135.
140 139 154 155.
133 132 147 148.
141 140 155 156.
134 133 148 149.
142 141 156 157.
135 134 149 150.
143 142 157 158.
136 135 150 151.
144 143 158 159.
137 136 151 152.
145 144 159 160.
138 137 152 153.
131 33 146.
40 145 160.
139 138 153 154.
132 131 146 147.
159 158 173 174.
152 151 166 167.
160 159 174 175.
153 152 167 168.
146 33 161.
40 160 175.
154 153 168 169.
147 146 161 162.
155 154 169 170.
148 147 162 163.
156 155 170 171.
149 148 163 164.
157 156 171 172.
150 149 164 165.
158 157 172 173.
151 150 165 166.
163 162 177 178.
171 170 185 186.
164 163 178 179.
172 171 186 187.
165 164 179 180.
173 172 187 188.
166 165 180 181.
174 173 188 189.
167 166 181 182.
175 174 189 190.
168 167 182 183.
161 33 176.
40 175 190.
169 168 183 184.
162 161 176 177.
170 169 184 185.
182 181 196 197.
190 189 204 205.
183 182 197 198.
176 33 191.
40 190 205.
184 183 198 199.
177 176 191 192.
185 184 199 200.
178 177 192 193.
186 185 200 201.
179 178 193 194.
187 186 201 202.
180 179 194 195.
188 187 202 203.
181 180 195 196.
189 188 203 204.
201 200 215 216.
194 193 208 209.
202 201 216 217.
195 194 209 210.
203 202 217 218.
196 195 210 211.
204 203 218 219.
197 196 211 212.
205 204 219 220.
198 197 212 213.
191 33 206.
40 205 220.
199 198 213 214.
192 191 206 207.
200 199 214 215.
193 192 207 208.
220 219 234 235.
213 212 227 228.
206 33 221.
40 220 235.
214 213 228 229.
207 206 221 222.
215 214 229 230.
208 207 222 223.
216 215 230 231.
209 208 223 224.
217 216 231 232.
210 209 224 225.
218 217 232 233.
211 210 225 226.
219 218 233 234.
212 211 226 227.
224 223 238 239.
232 231 246 247.
225 224 239 240.
233 232 247 248.
226 225 240 241.
234 233 248 249.
227 226 241 242.
235 234 249 250.
228 227 242 243.
221 33 236.
40 235 250.
229 228 243 244.
222 221 236 237.
230 229 244 245.
223 222 237 238.
231 230 245 246.
243 242 257 258.
236 33 251.
40 250 265.
244 243 258 259.
237 236 251 252.
245 244 259 260.
238 237 252 253.
246 245 260 261.
239 238 253 254.
247 246 261 262.
240 239 254 255.
248 247 262 263.
241 240 255 256.
249 248 263 264.
242 241 256 257.
250 249 264 265.
262 261 276 277.
255 254 269 270.
263 262 277 278.
256 255 270 271.
264 263 278 279.
257 256 271 272.
265 264 279 280.
258 257 272 273.
251 33 266.
40 265 280.
259 258 273 274.
252 251 266 267.
260 259 274 275.
253 252 267 268.
261 260 275 276.
254 253 268 269.
40 280 295.
274 273 288 289.
267 266 281 282.
275 274 289 290.
268 267 282 283.
276 275 290 291.
269 268 283 284.
277 276 291 292.
270 269 284 285.
278 277 292 293.
271 270 285 286.
279 278 293 294.
272 271 286 287.
280 279 294 295.
273 272 287 288.
266 33 281.
293 292 307 308.
286 285 300 301.
294 293 308 309.
287 286 301 302.
295 294 309 310.
288 287 302 303.
281 33 296.
40 295 310.
289 288 303 304.
282 281 296 297.
290 289 304 305.
283 282 297 298.
291 290 305 306.
284 283 298 299.
292 291 306 307.
285 284 299 300.
297 296 311 312.
305 304 319 320.
298 297 312 313.
306 305 320 321.
299 298 313 314.
307 306 321 322.
300 299 314 315.
308 307 322 323.
301 300 315 316.
309 308 323 324.
302 301 316 317.
310 309 324 325.
303 302 317 318.
296 33 311.
40 310 325.
304 303 318 319.
316 315 330 331.
324 323 338 339.
317 316 331 332.
325 324 339 340.
318 317 332 333.
311 33 326.
40 325 340.
319 318 333 334.
312 311 326 327.
320 319 334 335.
313 312 327 328.
321 320 335 336.
314 313 328 329.
322 321 336 337.
315 314 329 330.
323 322 337 338.
335 334 349 350.
328 327 342 343.
336 335 350 351.
329 328 343 344.
337 336 351 352.
330 329 344 345.
338 337 352 353.
331 330 345 346.
339 338 353 354.
332 331 346 347.
340 339 354 355.
333 332 347 348.
326 33 341.
40 340 355.
334 333 348 349.
327 326 341 342.
354 353 368 369.
347 346 361 362.
355 354 369 370.
348 347 362 363.
341 33 356.
40 355 370.
349 348 363 364.
342 341 356 357.
350 349 364 365.
343 342 357 358.
351 350 365 366.
344 343 358 359.
352 351 366 367.
345 344 359 360.
353 352 367 368.
346 345 360 361.
358 357 372 373.
366 365 380 381.
359 358 373 374.
367 366 381 382.
360 359 374 375.
368 367 382 383.
361 360 375 376.
369 368 383 384.
362 361 376 377.
370 369 384 385.
363 362 377 378.
356 33 371.
40 370 385.
364 363 378 379.
357 356 371 372.
365 364 379 380.
377 376 391 392.
385 384 399 400.
378 377 392 393.
371 33 386.
40 385 400.
379 378 393 394.
372 371 386 387.
380 379 394 395.
373 372 387 388.
381 380 395 396.
374 373 388 389.
382 381 396 397.
375 374 389 390.
383 382 397 398.
376 375 390 391.
384 383 398 399.
396 395 410 411.
389 388 403 404.
397 396 411 412.
390 389 404 405.
398 397 412 413.
391 390 405 406.
399 398 413 414.
392 391 406 407.
400 399 414 415.
393 392 407 408.
386 33 401.
40 400 415.
394 393 408 409.
387 386 401 402.
395 394 409 410.
388 387 402 403.
415 414 429 430.
408 407 422 423.
401 33 416.
40 415 430.
409 408 423 424.
402 401 416 417.
410 409 424 425.
403 402 417 418.
411 410 425 426.
404 403 418 419.
412 411 426 427.
405 404 419 420.
413 412 427 428.
406 405 420 421.
414 413 428 429.
407 406 421 422.
427 426 441 442.
420 419 434 435.
428 427 442 443.
421 420 435 436.
429 428 443 444.
422 421 436 437.
430 429 444 445.
423 422 437 438.
416 33 431.
40 430 445.
424 423 438 439.
417 416 431 432.
425 424 439 440.
418 417 432 433.
426 425 440 441.
419 418 433 434.
431 33 446.
40 445 460.
439 438 453 454.
432 431 446 447.
440 439 454 455.
433 432 447 448.
441 440 455 456.
434 433 448 449.
442 441 456 457.
435 434 449 450.
443 442 457 458.
436 435 450 451.
444 443 458 459.
437 436 451 452.
445 444 459 460.
438 437 452 453.
450 449 464 465.
458 457 472 473.
451 450 465 466.
459 458 473 474.
452 451 466 467.
460 459 474 475.
453 452 467 468.
446 33 461.
40 460 475.
454 453 468 469.
447 446 461 462.
455 454 469 470.
448 447 462 463.
456 455 470 471.
449 448 463 464.
457 456 471 472.
469 468 483 484.
462 461 476 477.
470 469 484 485.
463 462 477 478.
471 470 485 486.
464 463 478 479.
472 471 486 487.
465 464 479 480.
473 472 487 488.
466 465 480 481.
474 473 488 489.
467 466 481 482.
475 474 489 490.
468 467 482 483.
461 33 476.
40 475 490.
488 487 502 503.
481 480 495 496.
489 488 503 504.
482 481 496 497.
490 489 504 505.
483 482 497 498.
476 33 491.
40 490 505.
484 483 498 499.
477 476 491 492.
485 484 499 500.
478 477 492 493.
486 485 500 501.
479 478 493 494.
487 486 501 502.
480 479 494 495.
492 491 506 507.
500 499 38 510.
493 492 507 34.
501 500 510 39.
494 493 34 508.
502 501 39 511.
495 494 508 35.
503 502 511 512.
496 495 35 509.
504 503 512 513.
497 496 509 36.
505 504 513 514.
498 497 36 37.
491 33 506.
40 505 514.
499 498 37 38.
515 516 518 517.
517 518 520 519.
519 520 522 521.
521 522 524 523.
523 524 526 525.
525 526 528 527.
527 528 530 529.
529 530 532 531.
531 532 534 533.
533 534 536 535.
535 536 538 537.
537 538 540 539.
539 540 542 541.
541 542 544 543.
543 544 546 545.
545 546 548 547.
547 548 550 549.
549 550 552 551.
551 552 554 553.
553 554 556 555.
555 556 558 557.
557 558 560 559.
559 560 562 561.
561 562 564 563.
563 564 566 565.
565 566 568 567.
567 568 570 569.
569 570 572 571.
571 572 574 573.
573 574 576 575.
518 516 578 576 574 572 570 568 566 564 562 560 558 556 554 552 550 548 546 544 542 540 538 536 534 532 530 528 526 524 522 520.
575 576 578 577.
577 578 516 515.
515 517 519 521 523 525 527 529 531 533 535 537 539 541 543 545 547 549 551 553 555 557 559 561 563 565 567 569 571 573 575 577.
